0 1
1 0
2 0
3 0
4 0
5 0
6 0
7 0
8 1
9 0
10 1
11 0
12 0
13 0
14 1
15 1
16 0
17 0
18 1
19 0
20 0
21 0
22 0
23 0
24 0
25 0
27 0
28 0
30 0
31 0
32 0
33 0
34 0
35 1
36 0
38 0
39 0
40 1
41 0
42 1
43 0
44 1
45 1
46 0
47 0
48 0
50 1
51 0
52 0
53 0
54 0
55 1
57 0
59 0
61 1
62 0
63 1
64 1
65 0
66 1
67 0
69 0
70 0
71 1
74 0
75 0
76 0
77 1
78 0
81 1
82 0
83 0
84 1
87 1
88 0
89 0
90 0
92 0
93 1
95 1
97 1
98 0
100 0
101 0
102 0
103 1
104 0
105 0
107 1
108 0
110 0
111 1
112 0
115 0
116 0
119 0
121 0
122 0
123 0
124 0
125 1
126 0
127 0
130 0
131 1
132 0
133 0
134 1
135 1
136 1
137 0
138 0
139 0
141 0
142 1
143 0
144 0
145 0
146 1
147 0
148 1
149 0
